1
0, 0, 0
-0
1.1
0.802056, 0, 0.0647488
-9.23077
1.2
1.58334, 0, 0.257318
-18.4615
1.3
2.32362, 0, 0.57272
-27.6923
1.4
3.00371, 0, 1.00279
-36.9231
1.5
3.60601, 0, 1.53638
-46.1538
1.6
4.11492, 0, 2.15968
-55.3846
1.7
4.51725, 0, 2.85654
-64.6154
1.8
4.80259, 0, 3.60891
-73.8462
1.9
4.96354, 0, 4.39732
-83.0769
2
4.99594, 0, 5.20133
-92.3077
2.1
4.89895, 0, 6.00013
-101.538
2.2
4.67508, 0, 6.77302
-110.769
2.3
4.33013, 0, 7.5
-120
2.4
3.87303, 0, 8.16223
-129.231
2.5
3.31561, 0, 8.74255
-138.462
2.6
2.67233, 0, 9.22595
-147.692
2.7
1.95983, 0, 9.5999
-156.923
2.8
1.19658, 0, 9.85471
-166.154
2.9
0.402332, 0, 9.98379
-175.385
3
-0.402334, 0, 9.98379
-184.615
3.1
-1.19658, 0, 9.85471
-193.846
3.2
-1.95984, 0, 9.5999
-203.077
3.3
-2.67233, 0, 9.22595
-212.308
3.4
-3.31562, 0, 8.74255
-221.538
3.5
-3.87303, 0, 8.16222
-230.769
3.6
-4.33013, 0, 7.5
-240
3.7
-4.67508, 0, 6.77302
-249.231
3.8
-4.89895, 0, 6.00012
-258.462
3.9
-4.99594, 0, 5.20133
-267.692
4
-4.96354, 0, 4.39731
-276.923
4.1
-4.80259, 0, 3.60891
-286.154
4.2
-4.51725, 0, 2.85653
-295.385
4.3
-4.11492, 0, 2.15967
-304.615
4.4
-3.60601, 0, 1.53637
-313.846
4.5
-3.00371, 0, 1.00278
-323.077
4.6
-2.32361, 0, 0.572715
-332.308
4.7
-1.58333, 0, 0.257315
-341.539
4.8
-0.802047, 0, 0.0647473
-350.769
4.9
8.02679e-06, 0, 0
-360
